30050,34.18
30100,34.04
30150,34.23
30200,34.17
30250,34.19
30300,34.38
30350,34.43
30400,34.35
30450,34.36
30500,34.38
30550,34.34
30600,34.32
30650,34.02
30700,34.22
30750,34.39
30800,34.30
30850,34.26
30900,34.28
30950,34.50
31000,34.42
31050,34.51
31100,34.25
31150,33.99
31200,34.05
31250,34.08
31300,34.04
31350,34.10
31400,34.10
31450,34.25
31500,34.30
31550,34.29
31600,34.02
31650,33.68
31700,33.83
31750,33.93
31800,33.99
31850,34.06
31900,34.30
31950,34.40
32000,34.43
32050,34.67
32100,34.51
32150,34.70
32200,34.71
32250,34.82
32300,34.73
32350,34.84
32400,34.79
32450,34.76
32500,34.42
32550,34.50
32600,34.62
32650,34.58
32700,34.66
32750,34.66
32800,34.73
32850,34.72
32900,34.90
32950,34.85
33000,34.38
33050,34.30
33100,34.38
33150,34.46
33200,34.51
33250,34.61
33300,34.54
33350,34.63
33400,34.70
33450,34.63
33500,34.13
33550,34.05
33600,34.36
33650,34.33
33700,34.36
33750,34.57
33800,34.74
33850,34.67
33900,34.88
33950,34.84
34000,34.92
34050,34.98
34100,35.16
34150,34.97
34200,35.06
34250,35.09
34300,35.06
34350,34.90
34400,34.65
34450,34.84
34500,34.93
34550,34.94
34600,34.90
34650,34.91
34700,35.09
34750,35.14
34800,35.20
34850,34.85
34900,34.64
34950,34.71
35000,34.75
35050,34.72
35100,34.85
35150,34.79
35200,35.03
35250,34.98
35300,35.00
35350,34.62
35400,34.38
35450,34.52
35500,34.64
35550,34.74
35600,34.72
35650,34.92
35700,34.92
35750,35.00
35800,35.14
35850,35.04
35900,35.25
35950,35.29
36000,35.38
36050,35.27
36100,35.41
36150,35.39
36200,35.28
36250,34.85
36300,34.97
36350,35.15
36400,35.20
36450,35.15
36500,35.20
36550,35.26
36600,35.27
36650,35.49
36700,35.33
36750,34.82
36800,34.89
36850,34.94
36900,34.93
36950,35.09
37000,35.13
37050,35.16
37100,35.19
37150,35.25
37200,35.15
37250,34.62
37300,34.67
37350,34.87
37400,34.93
37450,34.97
37500,35.19
37550,35.19
37600,35.26
37650,35.30
37700,35.30
37750,35.43
37800,35.52
37850,35.66
37900,35.50
37950,35.64
38000,35.62
38050,35.53
38100,35.38
38150,35.01
38200,35.31
38250,35.37
38300,35.41
38350,35.36
38400,35.44
38450,35.52
38500,35.68
38550,35.66
38600,35.27
38650,35.05
38700,35.13
38750,35.19
38800,35.25
38850,35.30
38900,35.38
38950,35.52
39000,35.56
39050,35.51
39100,35.10
39150,34.87
39200,35.06
39250,35.13
39300,35.25
39350,35.27
39400,35.39
39450,35.42
39500,35.48
39550,35.53
39600,35.49
39650,35.72
39700,35.76
39750,35.80
39800,35.82
39850,35.88
39900,35.76
39950,35.75
40000,35.30
40050,35.42
40100,35.65
40150,35.53
40200,35.59
40250,35.66
40300,35.74
40350,35.74
40400,35.95
40450,35.67
40500,35.27
40550,35.43
40600,35.41
40650,35.40
40700,35.52
40750,35.57
40800,35.57
40850,35.78
40900,35.72
40950,35.60
41000,35.03
41050,35.19
41100,35.38
41150,35.39
41200,35.44
41250,35.66
41300,35.58
41350,35.61
41400,35.80
41450,35.73
41500,35.87
41550,35.93
41600,36.09
41650,35.90
41700,36.10
41750,36.08
41800,36.05
41850,35.65
41900,35.50
41950,35.67
42000,35.72
42050,35.85
42100,35.86
42150,35.87
42200,35.89
42250,36.09
42300,36.09
42350,35.64
42400,35.41
42450,35.53
42500,35.61
42550,35.65
42600,35.75
42650,35.82
42700,35.86
42750,35.97
42800,35.95
42850,35.36
42900,35.19
42950,35.53
43000,35.51
43050,35.75
43100,35.79
43150,35.77
43200,35.71
43250,35.96
43300,35.87
43350,35.92
43400,36.23
43450,36.20
43500,36.25
43550,36.22
43600,36.29
43650,36.31
43700,36.08
43750,35.62
43800,35.80
43850,35.97
43900,35.91
43950,35.96
44000,36.06
44050,36.15
44100,36.13
44150,36.32
44200,35.96
44250,35.59
44300,35.72
44350,35.76
44400,35.72
44450,35.89
44500,35.95
44550,36.03
44600,36.10
44650,36.19
44700,35.83
44750,35.46
44800,35.56
44850,35.73
44900,35.80
44950,35.89
45000,36.02
45050,35.91
45100,35.98
45150,36.18
45200,36.15
45250,36.19
45300,36.31
45350,36.42
45400,36.29
45450,36.51
45500,36.41
45550,36.49
45600,35.86
45650,35.85
45700,35.97
45750,36.15
45800,36.19
45850,36.13
45900,36.31
45950,36.32
46000,36.50
46050,36.44
46100,35.85
46150,35.78
46200,35.91
46250,35.94
46300,36.03
46350,36.13
46400,36.22
46450,36.20
46500,36.33
46550,36.24
46600,35.64
46650,35.53
46700,35.94
46750,35.89
46800,36.09
46850,36.15
46900,36.13
46950,36.08
47000,36.30
47050,36.28
47100,36.26
47150,36.52
47200,36.63
47250,36.55
47300,36.57
47350,36.67
47400,36.64
47450,36.29
47500,35.95
47550,36.09
47600,36.27
47650,36.29
47700,36.27
47750,36.33
47800,36.56
47850,36.54
47900,36.71
47950,36.21
48000,35.92
48050,36.07
48100,36.05
48150,36.08
48200,36.22
48250,36.27
48300,36.45
48350,36.50
48400,36.45
48450,36.04
48500,35.76
48550,35.93
48600,36.07
48650,36.20
48700,36.24
48750,36.28
48800,36.24
48850,36.29
48900,36.47
48950,36.38
49000,36.62
49050,36.70
49100,36.73
49150,36.71
49200,36.84
49250,36.81
49300,36.80
49350,36.07
49400,36.19
49450,36.40
49500,36.36
49550,36.38
49600,36.52
49650,36.61
49700,36.60
49750,36.79
49800,36.71
49850,36.04
49900,36.06
49950,36.24
50000,36.28
50050,36.43
50100,36.57
50150,36.59
50200,36.60
50250,36.78
50300,36.64
50350,36.14
50400,36.06
50450,36.34
50500,36.36
50550,36.41
50600,36.65
50650,36.75
50700,36.80
50750,36.93
50800,36.90
50850,36.99
50900,37.14
50950,37.27
51000,37.11
51050,37.37
51100,37.29
51150,37.31
51200,37.09
51250,36.75
51300,36.97
51350,37.06
51400,37.09
51450,37.10
51500,37.17
51550,37.25
51600,37.38
51650,37.46
51700,37.03
51750,36.80
51800,36.87
51850,36.91
51900,36.63
51950,36.78
52000,36.80
52050,36.93
52100,37.03
52150,36.96
52200,36.57
52250,36.37
52300,36.49
52350,36.59
52400,36.70
52450,36.72
52500,37.04
52550,36.94
52600,37.11
52650,37.25
52700,37.11
52750,37.35
52800,37.43
52850,37.40
52900,37.35
52950,37.52
53000,37.46
53050,37.46
53100,36.91
53150,37.02
53200,37.20
53250,37.19
53300,37.21
53350,37.27
53400,37.32
53450,37.38
53500,37.65
53550,37.37
53600,36.85
53650,36.93
53700,36.95
53750,36.85
53800,36.96
53850,37.01
53900,37.06
53950,37.09
54000,37.17
54050,37.05
54100,36.53
54150,36.59
54200,36.72
54250,36.83
54300,36.78
54350,37.11
54400,37.15
54450,37.14
54500,37.33
54550,37.28
54600,37.35
54650,37.45
54700,37.59
54750,37.42
54800,37.58
54850,37.63
54900,37.61
54950,37.23
55000,37.04
55050,37.24
55100,37.31
55150,37.27
55200,37.28
55250,37.35
55300,37.49
55350,37.59
55400,37.61
55450,37.24
55500,36.93
55550,37.03
55600,37.10
55650,36.99
55700,37.09
55750,37.11
55800,37.18
55850,37.28
55900,37.25
55950,36.80
56000,36.66
56050,36.81
56100,36.83
56150,37.04
56200,37.10
56250,37.25
56300,37.21
56350,37.34
56400,37.42
56450,37.34
56500,37.63
56550,37.60
56600,37.64
56650,37.70
56700,37.68
56750,37.74
56800,37.63
56850,37.11
56900,37.25
56950,37.39
57000,37.39
57050,37.33
57100,37.50
57150,37.62
57200,37.55
57250,37.77
57300,37.44
57350,37.08
57400,37.13
57450,37.13
57500,37.07
57550,37.20
57600,37.25
57650,37.28
57700,37.44
57750,37.40
57800,37.14
57850,36.77
57900,36.86
57950,37.00
58000,37.02
58050,37.07
58100,37.34
58150,37.37
58200,37.36
58250,37.53
58300,37.46
58350,37.62
58400,37.70
58450,37.84
58500,37.67
58550,37.92
58600,37.84
58650,37.87
58700,37.32
58750,37.22
58800,37.38
58850,37.46
58900,37.58
58950,37.49
59000,37.59
59050,37.69
59100,37.78
59150,37.71
59200,37.34
59250,37.12
59300,37.22
59350,37.33
59400,37.19
59450,37.38
59500,37.34
59550,37.35
59600,37.50
59650,37.44
